4 1
5 1
6 2
7 3
8 5
9 6
10 9
11 11
12 15
13 18
14 23
15 27
16 34
17 39
18 47
19 54
20 64
21 72
22 84
23 94
24 108
25 120
26 136
27 150
28 169
29 185
30 206
31 225
32 249
33 270
34 297
35 321
36 351
37 378
38 411
39 441
40 478
41 511
42 551
43 588
44 632
45 672
46 720
47 764
48 816
49 864
50 920
51 972
52 1033
53 1089
54 1154
55 1215
56 1285
57 1350
58 1425
59 1495
60 1575
61 1650
62 1735
63 1815
64 1906
65 1991
66 2087
67 2178
68 2280
69 2376
70 2484
71 2586
72 2700
73 2808
74 2928
75 3042
76 3169
77 3289
78 3422
79 3549
80 3689
81 3822
82 3969
83 4109
84 4263
85 4410
86 4571
87 4725
88 4894
89 5055
90 5231
91 5400
92 5584
93 5760
94 5952
95 6136
96 6336
97 6528
98 6736
99 6936
100 7153
101 7361
102 7586
103 7803
104 8037
105 8262
106 8505
107 8739
108 8991
109 9234
110 9495
111 9747
112 10018
113 10279
114 10559
115 10830
116 11120
117 11400
118 11700
119 11990
120 12300
121 12600
122 12920
123 13230
124 13561
125 13881
126 14222
127 14553
128 14905
129 15246
130 15609
131 15961
132 16335
133 16698
134 17083
135 17457
136 17854
137 18239
138 18647
139 19044
140 19464
141 19872
142 20304
143 20724
144 21168
145 21600
146 22056
147 22500
148 22969
149 23425
150 23906
151 24375
152 24869
153 25350
154 25857
155 26351
156 26871
157 27378
158 27911
159 28431
160 28978
161 29511
162 30071
163 30618
164 31192
165 31752
166 32340
167 32914
168 33516
169 34104
170 34720
171 35322
172 35953
173 36569
174 37214
175 37845
176 38505
177 39150
178 39825
179 40485
180 41175
181 41850
182 42555
183 43245
184 43966
185 44671
186 45407
187 46128
188 46880
189 47616
190 48384
191 49136
192 49920
193 50688
194 51488
195 52272
196 53089
197 53889
198 54722
199 55539
200 56389
201 57222
202 58089
203 58939
204 59823
205 60690
206 61591
207 62475
208 63394
209 64295
210 65231
211 66150
212 67104
213 68040
214 69012
215 69966
216 70956
217 71928
218 72936
219 73926
220 74953
221 75961
222 77006
223 78033
224 79097
225 80142
226 81225
227 82289
228 83391
229 84474
230 85595
231 86697
232 87838
233 88959
234 90119
235 91260
236 92440
237 93600
238 94800
239 95980
240 97200
241 98400
242 99640
243 100860
244 102121
245 103361
246 104642
247 105903
248 107205
249 108486
250 109809
251 111111
252 112455
253 113778
254 115143
255 116487
256 117874
257 119239
258 120647
259 122034
260 123464
261 124872
262 126324
263 127754
264 129228
265 130680
266 132176
267 133650
268 135169
269 136665
270 138206
271 139725
272 141289
273 142830
274 144417
275 145981
276 147591
277 149178
278 150811
279 152421
280 154078
281 155711
282 157391
283 159048
284 160752
285 162432
286 164160
287 165864
288 167616
289 169344
290 171120
291 172872
292 174673
293 176449
294 178274
295 180075
296 181925
297 183750
298 185625
299 187475
300 189375
301 191250
302 193175
303 195075
304 197026
305 198951
306 200927
307 202878
308 204880
309 206856
310 208884
311 210886
312 212940
313 214968
314 217048
315 219102
316 221209
317 223289
318 225422
319 227529
320 229689
321 231822
322 234009
323 236169
324 238383
325 240570
326 242811
327 245025
328 247294
329 249535
330 251831
331 254100
332 256424
333 258720
334 261072
335 263396
336 265776
337 268128
338 270536
339 272916
340 275353
341 277761
342 280226
343 282663
344 285157
345 287622
346 290145
347 292639
348 295191
349 297714
350 300295
351 302847
352 305458
353 308039
354 310679
355 313290
356 315960
357 318600
358 321300
359 323970
360 326700
361 329400
362 332160
363 334890
364 337681
365 340441
366 343262
367 346053
368 348905
369 351726
370 354609
371 357461
372 360375
373 363258
374 366203
375 369117
376 372094
377 375039
378 378047
379 381024
380 384064
381 387072
382 390144
383 393184
384 396288
385 399360
386 402496
387 405600
388 408769
389 411905
390 415106
391 418275
392 421509
393 424710
394 427977
395 431211
396 434511
397 437778
398 441111
399 444411
400 447778
401 451111
402 454511
403 457878
404 461312
405 464712
406 468180
407 471614
408 475116
409 478584
410 482120
411 485622
412 489193
413 492729
414 496334
415 499905
416 503545
417 507150
418 510825
419 514465
420 518175
421 521850
422 525595
423 529305
424 533086
425 536831
426 540647
427 544428
428 548280
429 552096
430 555984
431 559836
432 563760
433 567648
434 571608
435 575532
436 579529
437 583489
438 587522
439 591519
440 595589
441 599622
442 603729
443 607799
444 611943
445 616050
446 620231
447 624375
448 628594
449 632775
450 637031
451 641250
452 645544
453 649800
454 654132
455 658426
456 662796
457 667128
458 671536
459 675906
460 680353
461 684761
462 689246
463 693693
464 698217
465 702702
466 707265
467 711789
468 716391
469 720954
470 725595
471 730197
472 734878
473 739519
474 744239
475 748920
476 753680
477 758400
478 763200
479 767960
480 772800
481 777600
482 782480
483 787320
484 792241
485 797121
486 802082
487 807003
488 812005
489 816966
490 822009
491 827011
492 832095
493 837138
494 842263
495 847347
496 852514
497 857639
498 862847
499 868014
500 873264
501 878472
502 883764
503 889014
504 894348
505 899640
506 905016
507 910350
508 915769
509 921145
510 926606
511 932025
512 937529
513 942990
514 948537
515 954041
516 959631
517 965178
518 970811
519 976401
520 982078
521 987711
522 993431
523 999108
524 1004872
525 1010592
526 1016400
527 1022164
528 1028016
529 1033824
530 1039720
531 1045572
532 1051513
533 1057409
534 1063394
535 1069335
536 1075365
537 1081350
538 1087425
539 1093455
540 1099575
541 1105650
542 1111815
543 1117935
544 1124146
545 1130311
546 1136567
547 1142778
548 1149080
549 1155336
550 1161684
551 1167986
552 1174380
553 1180728
554 1187168
555 1193562
556 1200049
557 1206489
558 1213022
559 1219509
560 1226089
561 1232622
562 1239249
563 1245829
564 1252503
565 1259130
566 1265851
567 1272525
568 1279294
569 1286015
570 1292831
571 1299600
572 1306464
573 1313280
574 1320192
575 1327056
576 1334016
577 1340928
578 1347936
579 1354896
580 1361953
581 1368961
582 1376066
583 1383123
584 1390277
585 1397382
586 1404585
587 1411739
588 1418991
589 1426194
590 1433495
591 1440747
592 1448098
593 1455399
594 1462799
595 1470150
596 1477600
597 1485000
598 1492500
599 1499950
600 1507500
601 1515000
602 1522600
603 1530150
604 1537801
605 1545401
606 1553102
607 1560753
608 1568505
609 1576206
610 1584009
611 1591761
612 1599615
613 1607418
614 1615323
615 1623177
616 1631134
617 1639039
618 1647047
619 1655004
620 1663064
621 1671072
622 1679184
623 1687244
624 1695408
625 1703520
626 1711736
627 1719900
628 1728169
629 1736385
630 1744706
631 1752975
632 1761349
633 1769670
634 1778097
635 1786471
636 1794951
637 1803378
638 1811911
639 1820391
640 1828978
641 1837511
642 1846151
643 1854738
644 1863432
645 1872072
646 1880820
647 1889514
648 1898316
649 1907064
650 1915920
651 1924722
652 1933633
653 1942489
654 1951454
655 1960365
656 1969385
657 1978350
658 1987425
659 1996445
660 2005575
661 2014650
662 2023835
663 2032965
664 2042206
665 2051391
666 2060687
667 2069928
668 2079280
669 2088576
670 2097984
671 2107336
672 2116800
673 2126208
674 2135728
675 2145192
676 2154769
677 2164289
678 2173922
679 2183499
680 2193189
681 2202822
682 2212569
683 2222259
684 2232063
685 2241810
686 2251671
