4000 444777778
4001 445111111
4002 445445111
4003 445778778
4004 446113112
4005 446447112
4006 446781780
4007 447116114
4008 447451116
4009 447785784
4010 448121120
4011 448456122
4012 448791793
4013 449127129
4014 449463134
4015 449798805
4016 450135145
4017 450471150
4018 450807825
4019 451144165
4020 451481175
4021 451817850
4022 452155195
4023 452492205
4024 452829886
4025 453167231
4026 453505247
4027 453842928
4028 454181280
4029 454519296
4030 454857984
4031 455196336
4032 455535360
4033 455874048
4034 456213408
4035 456552432
4036 456892129
4037 457231489
4038 457571522
4039 457911219
4040 458251589
4041 458591622
4042 458932329
4043 459272699
4044 459613743
4045 459954450
4046 460295831
4047 460636875
4048 460978594
4049 461319975
4050 461662031
4051 462003750
4052 462346144
4053 462688200
4054 463030932
4055 463373326
4056 463716396
4057 464059128
4058 464402536
4059 464745606
4060 465089353
4061 465432761
4062 465776846
4063 466120593
4064 466465017
4065 466809102
4066 467153865
4067 467498289
4068 467843391
4069 468188154
4070 468533595
4071 468878697
4072 469224478
4073 469569919
4074 469916039
4075 470261820
4076 470608280
4077 470954400
4078 471301200
4079 471647660
4080 471994800
4081 472341600
4082 472689080
4083 473036220
4084 473384041
4085 473731521
4086 474079682
4087 474427503
4088 474776005
4089 475124166
4090 475473009
4091 475821511
4092 476170695
4093 476519538
4094 476869063
4095 477218247
4096 477568114
4097 477917639
4098 478267847
4099 478617714
4100 478968264
4101 479318472
4102 479669364
4103 480019914
4104 480371148
4105 480722040
4106 481073616
4107 481424850
4108 481776769
4109 482128345
4110 482480606
4111 482832525
4112 483185129
4113 483537390
4114 483890337
4115 484242941
4116 484596231
4117 484949178
4118 485302811
4119 485656101
4120 486010078
4121 486363711
4122 486718031
4123 487072008
4124 487426672
4125 487780992
4126 488136000
4127 488490664
4128 488846016
4129 489201024
4130 489556720
4131 489912072
4132 490268113
4133 490623809
4134 490980194
4135 491336235
4136 491692965
4137 492049350
4138 492406425
4139 492763155
4140 493120575
4141 493477650
4142 493835415
4143 494192835
4144 494550946
4145 494908711
4146 495267167
4147 495625278
4148 495984080
4149 496342536
4150 496701684
4151 497060486
4152 497419980
4153 497779128
4154 498138968
4155 498498462
4156 498858649
4157 499218489
4158 499579022
4159 499939209
4160 500300089
4161 500660622
4162 501021849
4163 501382729
4164 501744303
4165 502105530
4166 502467451
4167 502829025
4168 503191294
4169 503553215
4170 503915831
4171 504278100
4172 504641064
4173 505003680
4174 505366992
4175 505729956
4176 506093616
4177 506456928
4178 506820936
4179 507184596
4180 507548953
4181 507912961
4182 508277666
4183 508642023
4184 509007077
4185 509371782
4186 509737185
4187 510102239
4188 510467991
4189 510833394
4190 511199495
4191 511565247
4192 511931698
4193 512297799
4194 512664599
4195 513031050
4196 513398200
4197 513765000
4198 514132500
4199 514499650
4200 514867500
4201 515235000
4202 515603200
4203 515971050
4204 516339601
4205 516707801
4206 517076702
4207 517445253
4208 517814505
4209 518183406
4210 518553009
4211 518922261
4212 519292215
4213 519661818
4214 520032123
4215 520402077
4216 520772734
4217 521143039
4218 521514047
4219 521884704
4220 522256064
4221 522627072
4222 522998784
4223 523370144
4224 523742208
4225 524113920
4226 524486336
4227 524858400
4228 525231169
4229 525603585
4230 525976706
4231 526349475
4232 526722949
4233 527096070
4234 527469897
4235 527843371
4236 528217551
4237 528591378
4238 528965911
4239 529340091
4240 529714978
4241 530089511
4242 530464751
4243 530839638
4244 531215232
4245 531590472
4246 531966420
4247 532342014
4248 532718316
4249 533094264
4250 533470920
4251 533847222
4252 534224233
4253 534600889
4254 534978254
4255 535355265
4256 535732985
4257 536110350
4258 536488425
4259 536866145
4260 537244575
4261 537622650
4262 538001435
4263 538379865
4264 538759006
4265 539137791
4266 539517287
4267 539896428
4268 540276280
4269 540655776
4270 541035984
4271 541415836
4272 541796400
4273 542176608
4274 542557528
4275 542938092
4276 543319369
4277 543700289
4278 544081922
4279 544463199
4280 544845189
4281 545226822
4282 545609169
4283 545991159
4284 546373863
4285 546756210
4286 547139271
4287 547521975
4288 547905394
4289 548288455
4290 548672231
4291 549055650
4292 549439784
4293 549823560
4294 550208052
4295 550592186
4296 550977036
4297 551361528
4298 551746736
4299 552131586
4300 552517153
4301 552902361
4302 553288286
4303 553673853
4304 554060137
4305 554446062
4306 554832705
4307 555218989
4308 555605991
4309 555992634
4310 556379995
4311 556766997
4312 557154718
4313 557542079
4314 557930159
4315 558317880
4316 558706320
4317 559094400
4318 559483200
4319 559871640
4320 560260800
4321 560649600
4322 561039120
4323 561428280
4324 561818161
4325 562207681
4326 562597922
4327 562987803
4328 563378405
4329 563768646
4330 564159609
4331 564550211
4332 564941535
4333 565332498
4334 565724183
4335 566115507
4336 566507554
4337 566899239
4338 567291647
4339 567683694
4340 568076464
4341 568468872
4342 568862004
4343 569254774
4344 569648268
4345 570041400
4346 570435256
4347 570828750
4348 571222969
4349 571616825
4350 572011406
4351 572405625
4352 572800569
4353 573195150
4354 573590457
4355 573985401
4356 574381071
4357 574776378
4358 575172411
4359 575568081
4360 575964478
4361 576360511
4362 576757271
4363 577153668
4364 577550792
4365 577947552
4366 578345040
4367 578742164
4368 579140016
4369 579537504
4370 579935720
4371 580333572
4372 580732153
4373 581130369
4374 581529314
4375 581927895
4376 582327205
4377 582726150
4378 583125825
4379 583525135
4380 583925175
4381 584324850
4382 584725255
4383 585125295
4384 585526066
4385 585926471
4386 586327607
4387 586728378
4388 587129880
4389 587531016
4390 587932884
4391 588334386
4392 588736620
4393 589138488
4394 589541088
4395 589943322
4396 590346289
4397 590748889
4398 591152222
4399 591555189
4400 591958889
4401 592362222
4402 592766289
4403 593169989
4404 593574423
4405 593978490
4406 594383291
4407 594787725
4408 595192894
4409 595597695
4410 596003231
4411 596408400
4412 596814304
4413 597219840
4414 597626112
4415 598032016
4416 598438656
4417 598844928
4418 599251936
4419 599658576
4420 600065953
4421 600472961
4422 600880706
4423 601288083
4424 601696197
4425 602103942
4426 602512425
4427 602920539
4428 603329391
4429 603737874
4430 604147095
4431 604555947
4432 604965538
4433 605374759
4434 605784719
4435 606194310
4436 606604640
4437 607014600
4438 607425300
4439 607835630
4440 608246700
4441 608657400
4442 609068840
4443 609479910
4444 609891721
4445 610303161
4446 610715342
4447 611127153
4448 611539705
4449 611951886
4450 612364809
4451 612777361
4452 613190655
4453 613603578
4454 614017243
4455 614430537
4456 614844574
4457 615258239
4458 615672647
4459 616086684
4460 616501464
4461 616915872
4462 617331024
4463 617745804
4464 618161328
4465 618576480
4466 618992376
4467 619407900
4468 619824169
4469 620240065
4470 620656706
4471 621072975
4472 621489989
4473 621906630
4474 622324017
4475 622741031
4476 623158791
4477 623576178
4478 623994311
4479 624412071
4480 624830578
4481 625248711
4482 625667591
4483 626086098
4484 626505352
4485 626924232
4486 627343860
4487 627763114
4488 628183116
4489 628602744
4490 629023120
4491 629443122
4492 629863873
4493 630284249
4494 630705374
4495 631126125
4496 631547625
4497 631968750
4498 632390625
4499 632812125
4500 633234375
4501 633656250
4502 634078875
4503 634501125
4504 634924126
4505 635346751
4506 635770127
4507 636193128
4508 636616880
4509 637040256
4510 637464384
4511 637888136
4512 638312640
4513 638736768
4514 639161648
4515 639586152
4516 640011409
4517 640436289
4518 640861922
4519 641287179
4520 641713189
4521 642138822
4522 642565209
4523 642991219
4524 643417983
4525 643844370
4526 644271511
4527 644698275
4528 645125794
4529 645552935
4530 645980831
4531 646408350
4532 646836624
4533 647264520
4534 647693172
4535 648121446
4536 648550476
4537 648979128
4538 649408536
4539 649837566
4540 650267353
4541 650696761
4542 651126926
4543 651556713
4544 651987257
4545 652417422
4546 652848345
4547 653278889
4548 653710191
4549 654141114
4550 654572795
4551 655004097
4552 655436158
4553 655867839
4554 656300279
4555 656732340
4556 657165160
4557 657597600
4558 658030800
4559 658463620
4560 658897200
4561 659330400
4562 659764360
4563 660197940
4564 660632281
4565 661066241
4566 661500962
4567 661935303
4568 662370405
4569 662805126
4570 663240609
4571 663675711
4572 664111575
4573 664547058
4574 664983303
4575 665419167
4576 665855794
4577 666292039
4578 666729047
4579 667165674
4580 667603064
4581 668040072
4582 668477844
4583 668915234
4584 669353388
4585 669791160
4586 670229696
4587 670667850
4588 671106769
4589 671545305
4590 671984606
4591 672423525
4592 672863209
4593 673302510
4594 673742577
4595 674182261
4596 674622711
4597 675062778
4598 675503611
4599 675944061
4600 676385278
4601 676826111
4602 677267711
4603 677708928
4604 678150912
4605 678592512
4606 679034880
4607 679476864
4608 679919616
4609 680361984
4610 680805120
4611 681247872
4612 681691393
4613 682134529
4614 682578434
4615 683021955
4616 683466245
4617 683910150
4618 684354825
4619 684799115
4620 685244175
4621 685688850
4622 686134295
4623 686579355
4624 687025186
4625 687470631
4626 687916847
4627 688362678
4628 688809280
4629 689255496
4630 689702484
4631 690149086
4632 690596460
4633 691043448
4634 691491208
4635 691938582
4636 692386729
4637 692834489
4638 693283022
4639 693731169
4640 694180089
4641 694628622
4642 695077929
4643 695526849
4644 695976543
4645 696425850
4646 696875931
4647 697325625
4648 697776094
4649 698226175
4650 698677031
4651 699127500
4652 699578744
4653 700029600
4654 700481232
4655 700932476
4656 701384496
4657 701836128
4658 702288536
4659 702740556
4660 703193353
4661 703645761
4662 704098946
4663 704551743
4664 705005317
4665 705458502
4666 705912465
4667 706366039
4668 706820391
4669 707274354
4670 707729095
4671 708183447
4672 708638578
4673 709093319
4674 709548839
4675 710003970
4676 710459880
4677 710915400
4678 711371700
4679 711827610
4680 712284300
4681 712740600
4682 713197680
4683 713654370
4684 714111841
4685 714568921
4686 715026782
4687 715484253
4688 715942505
4689 716400366
4690 716859009
4691 717317261
4692 717776295
4693 718234938
4694 718694363
4695 719153397
4696 719613214
4697 720072639
4698 720532847
4699 720992664
4700 721453264
4701 721913472
4702 722374464
4703 722835064
4704 723296448
4705 723757440
4706 724219216
4707 724680600
4708 725142769
4709 725604545
4710 726067106
4711 726529275
4712 726992229
4713 727454790
4714 727918137
4715 728381091
4716 728844831
4717 729308178
4718 729772311
4719 730236051
4720 730700578
4721 731164711
4722 731629631
4723 732094158
4724 732559472
4725 733024392
4726 733490100
4727 733955414
4728 734421516
4729 734887224
4730 735353720
4731 735819822
4732 736286713
4733 736753209
4734 737220494
4735 737687385
4736 738155065
4737 738622350
4738 739090425
4739 739558105
4740 740026575
4741 740494650
4742 740963515
4743 741431985
4744 741901246
4745 742370111
4746 742839767
4747 743309028
4748 743779080
4749 744248736
4750 744719184
4751 745189236
4752 745660080
4753 746130528
4754 746601768
4755 747072612
4756 747544249
4757 748015489
4758 748487522
4759 748959159
4760 749431589
4761 749903622
4762 750376449
4763 750848879
4764 751322103
4765 751794930
4766 752268551
4767 752741775
4768 753215794
4769 753689415
4770 754163831
4771 754637850
4772 755112664
4773 755587080
4774 756062292
4775 756537106
4776 757012716
4777 757487928
4778 757963936
4779 758439546
4780 758915953
4781 759391961
4782 759868766
4783 760345173
4784 760822377
4785 761299182
4786 761776785
4787 762253989
4788 762731991
4789 763209594
4790 763687995
4791 764165997
4792 764644798
4793 765123199
4794 765602399
4795 766081200
4796 766560800
4797 767040000
4798 767520000
4799 767999600
4800 768480000
4801 768960000
4802 769440800
4803 769921200
4804 770402401
4805 770883201
4806 771364802
4807 771846003
4808 772328005
4809 772809606
4810 773292009
4811 773774011
4812 774256815
4813 774739218
4814 775222423
4815 775705227
4816 776188834
4817 776672039
4818 777156047
4819 777639654
4820 778124064
4821 778608072
4822 779092884
4823 779577294
4824 780062508
4825 780547320
4826 781032936
4827 781518150
4828 782004169
4829 782489785
4830 782976206
4831 783462225
4832 783949049
4833 784435470
4834 784922697
4835 785409521
4836 785897151
4837 786384378
4838 786872411
4839 787360041
4840 787848478
4841 788336511
4842 788825351
4843 789313788
4844 789803032
4845 790291872
4846 790781520
4847 791270764
4848 791760816
4849 792250464
4850 792740920
4851 793230972
4852 793721833
4853 794212289
4854 794703554
4855 795194415
4856 795686085
4857 796177350
4858 796669425
4859 797161095
4860 797653575
4861 798145650
4862 798638535
4863 799131015
4864 799624306
4865 800117191
4866 800610887
4867 801104178
4868 801598280
4869 802091976
4870 802586484
4871 803080586
4872 803575500
4873 804070008
4874 804565328
4875 805060242
4876 805555969
4877 806051289
4878 806547422
4879 807043149
4880 807539689
4881 808035822
4882 808532769
4883 809029309
4884 809526663
4885 810023610
4886 810521371
4887 811018725
4888 811516894
4889 812014655
4890 812513231
4891 813011400
4892 813510384
4893 814008960
4894 814508352
4895 815007336
4896 815507136
4897 816006528
4898 816506736
4899 817006536
4900 817507153
4901 818007361
4902 818508386
4903 819009003
4904 819510437
4905 820011462
4906 820513305
4907 821014739
4908 821516991
4909 822018834
4910 822521495
4911 823023747
4912 823526818
4913 824029479
4914 824532959
4915 825036030
4916 825539920
4917 826043400
4918 826547700
4919 827051590
4920 827556300
4921 828060600
4922 828565720
4923 829070430
4924 829575961
4925 830081081
4926 830587022
4927 831092553
4928 831598905
4929 832104846
4930 832611609
4931 833117961
4932 833625135
4933 834131898
4934 834639483
4935 835146657
4936 835654654
4937 836162239
4938 836670647
4939 837178644
4940 837687464
4941 838195872
4942 838705104
4943 839213924
4944 839723568
4945 840232800
4946 840742856
4947 841252500
4948 841762969
4949 842273025
4950 842783906
4951 843294375
4952 843805669
4953 844316550
4954 844828257
4955 845339551
4956 845851671
4957 846363378
4958 846875911
4959 847388031
4960 847900978
4961 848413511
4962 848926871
4963 849439818
4964 849953592
4965 850466952
4966 850981140
4967 851494914
4968 852009516
4969 852523704
4970 853038720
4971 853553322
4972 854068753
4973 854583769
4974 855099614
4975 855615045
4976 856131305
4977 856647150
4978 857163825
4979 857680085
4980 858197175
4981 858713850
4982 859231355
4983 859748445
4984 860266366
4985 860783871
4986 861302207
4987 861820128
4988 862338880
4989 862857216
4990 863376384
4991 863895136
4992 864414720
4993 864933888
4994 865453888
4995 865973472
4996 866493889
4997 867013889
4998 867534722
4999 868055139
5000 868576389
5001 869097222
5002 869618889
5003 870140139
5004 870662223
5005 871183890
5006 871706391
5007 872228475
5008 872751394
5009 873273895
5010 873797231
5011 874320150
5012 874843904
5013 875367240
5014 875891412
5015 876415166
5016 876939756
5017 877463928
5018 877988936
5019 878513526
5020 879038953
5021 879563961
5022 880089806
5023 880615233
5024 881141497
5025 881667342
5026 882194025
5027 882720289
5028 883247391
5029 883774074
5030 884301595
5031 884828697
5032 885356638
5033 885884159
5034 886412519
5035 886940460
5036 887469240
5037 887997600
5038 888526800
5039 889055580
5040 889585200
5041 890114400
5042 890644440
5043 891174060
5044 891704521
5045 892234561
5046 892765442
5047 893295903
5048 893827205
5049 894358086
5050 894889809
5051 895421111
5052 895953255
5053 896484978
5054 897017543
5055 897549687
5056 898082674
5057 898615239
5058 899148647
5059 899681634
5060 900215464
5061 900748872
5062 901283124
5063 901816954
5064 902351628
5065 902885880
5066 903420976
5067 903955650
5068 904491169
5069 905026265
5070 905562206
5071 906097725
5072 906634089
5073 907170030
5074 907706817
5075 908243181
5076 908780391
5077 909317178
5078 909854811
5079 910392021
5080 910930078
5081 911467711
5082 912006191
5083 912544248
5084 913083152
5085 913621632
5086 914160960
5087 914699864
5088 915239616
5089 915778944
5090 916319120
5091 916858872
5092 917399473
5093 917939649
5094 918480674
5095 919021275
5096 919562725
5097 920103750
5098 920645625
5099 921187075
5100 921729375
5101 922271250
5102 922813975
5103 923356275
5104 923899426
5105 924442151
5106 924985727
5107 925528878
5108 926072880
5109 926616456
5110 927160884
5111 927704886
5112 928249740
5113 928794168
5114 929339448
5115 929884302
5116 930430009
5117 930975289
5118 931521422
5119 932067129
5120 932613689
5121 933159822
5122 933706809
5123 934253369
5124 934800783
5125 935347770
5126 935895611
5127 936443025
5128 936991294
5129 937539135
5130 938087831
5131 938636100
5132 939185224
5133 939733920
5134 940283472
5135 940832596
5136 941382576
5137 941932128
5138 942482536
5139 943032516
5140 943583353
5141 944133761
5142 944685026
5143 945235863
5144 945787557
5145 946338822
5146 946890945
5147 947442639
5148 947995191
5149 948547314
5150 949100295
5151 949652847
5152 950206258
5153 950759239
5154 951313079
5155 951866490
5156 952420760
5157 952974600
5158 953529300
5159 954083570
5160 954638700
5161 955193400
5162 955748960
5163 956304090
5164 956860081
5165 957415641
5166 957972062
5167 958528053
5168 959084905
5169 959641326
5170 960198609
5171 960755461
5172 961313175
5173 961870458
5174 962428603
5175 962986317
5176 963544894
5177 964103039
5178 964662047
5179 965220624
5180 965780064
5181 966339072
5182 966898944
5183 967458384
5184 968018688
5185 968578560
5186 969139296
5187 969699600
5188 970260769
5189 970821505
5190 971383106
5191 971944275
5192 972506309
5193 973067910
5194 973630377
5195 974192411
5196 974755311
5197 975317778
5198 975881111
5199 976444011
5200 977007778
5201 977571111
5202 978135311
5203 978699078
5204 979263712
5205 979827912
5206 980392980
5207 980957614
5208 981523116
5209 982088184
5210 982654120
5211 983219622
5212 983785993
5213 984351929
5214 984918734
5215 985485105
5216 986052345
5217 986619150
5218 987186825
5219 987754065
5220 988322175
5221 988889850
5222 989458395
5223 990026505
5224 990595486
5225 991164031
5226 991733447
5227 992302428
5228 992872280
5229 993441696
5230 994011984
5231 994581836
5232 995152560
5233 995722848
5234 996294008
5235 996864732
5236 997436329
5237 998007489
5238 998579522
5239 999151119
5240 999723589
5241 1000295622
5242 1000868529
5243 1001440999
5244 1002014343
5245 1002587250
5246 1003161031
5247 1003734375
5248 1004308594
5249 1004882375
5250 1005457031
5251 1006031250
5252 1006606344
5253 1007181000
5254 1007756532
5255 1008331626
5256 1008907596
5257 1009483128
5258 1010059536
5259 1010635506
5260 1011212353
5261 1011788761
5262 1012366046
5263 1012942893
5264 1013520617
5265 1014097902
5266 1014676065
5267 1015253789
5268 1015832391
5269 1016410554
5270 1016989595
5271 1017568197
5272 1018147678
5273 1018726719
5274 1019306639
5275 1019886120
5276 1020466480
5277 1021046400
5278 1021627200
5279 1022207560
5280 1022788800
5281 1023369600
5282 1023951280
5283 1024532520
5284 1025114641
5285 1025696321
5286 1026278882
5287 1026861003
5288 1027444005
5289 1028026566
5290 1028610009
5291 1029193011
5292 1029776895
5293 1030360338
5294 1030944663
5295 1031528547
5296 1032113314
5297 1032697639
5298 1033282847
5299 1033867614
5300 1034453264
5301 1035038472
5302 1035624564
5303 1036210214
5304 1036796748
5305 1037382840
5306 1037969816
5307 1038556350
5308 1039143769
5309 1039730745
5310 1040318606
5311 1040906025
5312 1041494329
5313 1042082190
5314 1042670937
5315 1043259241
5316 1043848431
5317 1044437178
5318 1045026811
5319 1045616001
5320 1046206078
5321 1046795711
5322 1047386231
5323 1047976308
5324 1048567272
5325 1049157792
5326 1049749200
5327 1050340164
5328 1050932016
5329 1051523424
5330 1052115720
5331 1052707572
5332 1053300313
5333 1053892609
5334 1054485794
5335 1055078535
5336 1055672165
5337 1056265350
5338 1056859425
5339 1057453055
5340 1058047575
5341 1058641650
5342 1059236615
5343 1059831135
5344 1060426546
5345 1061021511
5346 1061617367
5347 1062212778
5348 1062809080
5349 1063404936
5350 1064001684
5351 1064597986
5352 1065195180
5353 1065791928
5354 1066389568
5355 1066986762
5356 1067584849
5357 1068182489
5358 1068781022
5359 1069379109
5360 1069978089
5361 1070576622
5362 1071176049
5363 1071775029
5364 1072374903
5365 1072974330
5366 1073574651
5367 1074174525
5368 1074775294
5369 1075375615
5370 1075976831
5371 1076577600
5372 1077179264
5373 1077780480
5374 1078382592
5375 1078984256
5376 1079586816
5377 1080188928
5378 1080791936
5379 1081394496
5380 1081997953
5381 1082600961
5382 1083204866
5383 1083808323
5384 1084412677
5385 1085016582
5386 1085621385
5387 1086225739
5388 1086830991
5389 1087435794
5390 1088041495
5391 1088646747
5392 1089252898
5393 1089858599
5394 1090465199
5395 1091071350
5396 1091678400
5397 1092285000
5398 1092892500
5399 1093499550
5400 1094107500
5401 1094715000
5402 1095323400
5403 1095931350
5404 1096540201
5405 1097148601
5406 1097757902
5407 1098366753
5408 1098976505
5409 1099585806
5410 1100196009
5411 1100805761
5412 1101416415
5413 1102026618
5414 1102637723
5415 1103248377
5416 1103859934
5417 1104471039
5418 1105083047
5419 1105694604
5420 1106307064
5421 1106919072
5422 1107531984
5423 1108144444
5424 1108757808
5425 1109370720
5426 1109984536
5427 1110597900
5428 1111212169
5429 1111825985
5430 1112440706
5431 1113054975
5432 1113670149
5433 1114284870
5434 1114900497
5435 1115515671
5436 1116131751
5437 1116747378
5438 1117363911
5439 1117979991
5440 1118596978
5441 1119213511
5442 1119830951
5443 1120447938
5444 1121065832
5445 1121683272
5446 1122301620
5447 1122919514
5448 1123538316
5449 1124156664
5450 1124775920
5451 1125394722
5452 1126014433
5453 1126633689
5454 1127253854
5455 1127873565
5456 1128494185
5457 1129114350
5458 1129735425
5459 1130356045
5460 1130977575
5461 1131598650
5462 1132220635
5463 1132842165
5464 1133464606
5465 1134086591
5466 1134709487
5467 1135331928
5468 1135955280
5469 1136578176
5470 1137201984
5471 1137825336
5472 1138449600
5473 1139073408
5474 1139698128
5475 1140322392
5476 1140947569
5477 1141572289
5478 1142197922
5479 1142823099
5480 1143449189
5481 1144074822
5482 1144701369
5483 1145327459
5484 1145954463
5485 1146581010
5486 1147208471
5487 1147835475
5488 1148463394
5489 1149090855
5490 1149719231
5491 1150347150
5492 1150975984
5493 1151604360
5494 1152233652
5495 1152862486
5496 1153492236
5497 1154121528
5498 1154751736
5499 1155381486
5500 1156012153
5501 1156642361
5502 1157273486
5503 1157904153
5504 1158535737
5505 1159166862
5506 1159798905
5507 1160430489
5508 1161062991
5509 1161695034
5510 1162327995
5511 1162960497
5512 1163593918
5513 1164226879
5514 1164860759
5515 1165494180
5516 1166128520
5517 1166762400
5518 1167397200
5519 1168031540
5520 1168666800
5521 1169301600
5522 1169937320
5523 1170572580
5524 1171208761
5525 1171844481
5526 1172481122
5527 1173117303
5528 1173754405
5529 1174391046
5530 1175028609
5531 1175665711
5532 1176303735
5533 1176941298
5534 1177579783
5535 1178217807
5536 1178856754
5537 1179495239
5538 1180134647
5539 1180773594
5540 1181413464
5541 1182052872
5542 1182693204
5543 1183333074
5544 1183973868
5545 1184614200
5546 1185255456
5547 1185896250
5548 1186537969
5549 1187179225
5550 1187821406
5551 1188463125
5552 1189105769
5553 1189747950
5554 1190391057
5555 1191033701
5556 1191677271
5557 1192320378
5558 1192964411
5559 1193607981
5560 1194252478
5561 1194896511
5562 1195541471
5563 1196185968
5564 1196831392
5565 1197476352
5566 1198122240
5567 1198767664
5568 1199414016
5569 1200059904
5570 1200706720
5571 1201353072
5572 1202000353
5573 1202647169
5574 1203294914
5575 1203942195
5576 1204590405
5577 1205238150
5578 1205886825
5579 1206535035
5580 1207184175
5581 1207832850
5582 1208482455
5583 1209131595
5584 1209781666
5585 1210431271
5586 1211081807
5587 1211731878
5588 1212382880
5589 1213033416
5590 1213684884
5591 1214335886
5592 1214987820
5593 1215639288
5594 1216291688
5595 1216943622
5596 1217596489
5597 1218248889
5598 1218902222
5599 1219555089
5600 1220208889
5601 1220862222
5602 1221516489
5603 1222170289
5604 1222825023
5605 1223479290
5606 1224134491
5607 1224789225
5608 1225444894
5609 1226100095
5610 1226756231
5611 1227411900
5612 1228068504
5613 1228724640
5614 1229381712
5615 1230038316
5616 1230695856
5617 1231352928
5618 1232010936
5619 1232668476
5620 1233326953
5621 1233984961
5622 1234643906
5623 1235302383
5624 1235961797
5625 1236620742
5626 1237280625
5627 1237940039
5628 1238600391
5629 1239260274
5630 1239921095
5631 1240581447
5632 1241242738
5633 1241903559
5634 1242565319
5635 1243226610
5636 1243888840
5637 1244550600
5638 1245213300
5639 1245875530
5640 1246538700
5641 1247201400
5642 1247865040
5643 1248528210
5644 1249192321
5645 1249855961
5646 1250520542
5647 1251184653
5648 1251849705
5649 1252514286
5650 1253179809
5651 1253844861
5652 1254510855
5653 1255176378
5654 1255842843
5655 1256508837
5656 1257175774
5657 1257842239
5658 1258509647
5659 1259176584
5660 1259844464
5661 1260511872
5662 1261180224
5663 1261848104
5664 1262516928
5665 1263185280
5666 1263854576
5667 1264523400
5668 1265193169
5669 1265862465
5670 1266532706
5671 1267202475
5672 1267873189
5673 1268543430
5674 1269214617
5675 1269885331
5676 1270556991
5677 1271228178
5678 1271900311
5679 1272571971
5680 1273244578
5681 1273916711
5682 1274589791
5683 1275262398
5684 1275935952
5685 1276609032
5686 1277283060
5687 1277956614
5688 1278631116
5689 1279305144
5690 1279980120
5691 1280654622
5692 1281330073
5693 1282005049
5694 1282680974
5695 1283356425
5696 1284032825
5697 1284708750
5698 1285385625
5699 1286062025
5700 1286739375
5701 1287416250
5702 1288094075
5703 1288771425
5704 1289449726
5705 1290127551
5706 1290806327
5707 1291484628
5708 1292163880
5709 1292842656
5710 1293522384
5711 1294201636
5712 1294881840
5713 1295561568
5714 1296242248
5715 1296922452
5716 1297603609
5717 1298284289
5718 1298965922
5719 1299647079
5720 1300329189
5721 1301010822
5722 1301693409
5723 1302375519
5724 1303058583
5725 1303741170
5726 1304424711
5727 1305107775
5728 1305791794
5729 1306475335
5730 1307159831
5731 1307843850
5732 1308528824
5733 1309213320
5734 1309898772
5735 1310583746
5736 1311269676
5737 1311955128
5738 1312641536
5739 1313327466
5740 1314014353
5741 1314700761
5742 1315388126
5743 1316075013
5744 1316762857
5745 1317450222
5746 1318138545
5747 1318826389
5748 1319515191
5749 1320203514
5750 1320892795
5751 1321581597
5752 1322271358
5753 1322960639
5754 1323650879
5755 1324340640
5756 1325031360
5757 1325721600
5758 1326412800
5759 1327103520
5760 1327795200
5761 1328486400
5762 1329178560
5763 1329870240
5764 1330562881
5765 1331255041
5766 1331948162
5767 1332640803
5768 1333334405
5769 1334027526
5770 1334721609
5771 1335415211
5772 1336109775
5773 1336803858
5774 1337498903
5775 1338193467
5776 1338888994
5777 1339584039
5778 1340280047
5779 1340975574
5780 1341672064
5781 1342368072
5782 1343065044
5783 1343761534
5784 1344458988
5785 1345155960
5786 1345853896
5787 1346551350
5788 1347249769
5789 1347947705
5790 1348646606
5791 1349345025
5792 1350044409
5793 1350743310
5794 1351443177
5795 1352142561
5796 1352842911
5797 1353542778
5798 1354243611
5799 1354943961
5800 1355645278
5801 1356346111
5802 1357047911
5803 1357749228
5804 1358451512
5805 1359153312
5806 1359856080
5807 1360558364
5808 1361261616
5809 1361964384
5810 1362668120
5811 1363371372
5812 1364075593
5813 1364779329
5814 1365484034
5815 1366188255
5816 1366893445
5817 1367598150
5818 1368303825
5819 1369009015
5820 1369715175
5821 1370420850
5822 1371127495
5823 1371833655
5824 1372540786
5825 1373247431
5826 1373955047
5827 1374662178
5828 1375370280
5829 1376077896
5830 1376786484
5831 1377494586
5832 1378203660
5833 1378912248
5834 1379621808
5835 1380330882
5836 1381040929
5837 1381750489
5838 1382461022
5839 1383171069
5840 1383882089
5841 1384592622
5842 1385304129
5843 1386015149
5844 1386727143
5845 1387438650
5846 1388151131
5847 1388863125
5848 1389576094
5849 1390288575
5850 1391002031
5851 1391715000
5852 1392428944
5853 1393142400
5854 1393856832
5855 1394570776
5856 1395285696
5857 1396000128
5858 1396715536
5859 1397430456
5860 1398146353
5861 1398861761
5862 1399578146
5863 1400294043
5864 1401010917
5865 1401727302
5866 1402444665
5867 1403161539
5868 1403879391
5869 1404596754
5870 1405315095
5871 1406032947
5872 1406751778
5873 1407470119
5874 1408189439
5875 1408908270
5876 1409628080
5877 1410347400
5878 1411067700
5879 1411787510
5880 1412508300
5881 1413228600
5882 1413949880
5883 1414670670
5884 1415392441
5885 1416113721
5886 1416835982
5887 1417557753
5888 1418280505
5889 1419002766
5890 1419726009
5891 1420448761
5892 1421172495
5893 1421895738
5894 1422619963
5895 1423343697
5896 1424068414
5897 1424792639
5898 1425517847
5899 1426242564
5900 1426968264
5901 1427693472
5902 1428419664
5903 1429145364
5904 1429872048
5905 1430598240
5906 1431325416
5907 1432052100
5908 1432779769
5909 1433506945
5910 1434235106
5911 1434962775
5912 1435691429
5913 1436419590
5914 1437148737
5915 1437877391
5916 1438607031
5917 1439336178
5918 1440066311
5919 1440795951
5920 1441526578
5921 1442256711
5922 1442987831
5923 1443718458
5924 1444450072
5925 1445181192
5926 1445913300
5927 1446644914
5928 1447377516
5929 1448109624
5930 1448842720
5931 1449575322
5932 1450308913
5933 1451042009
5934 1451776094
5935 1452509685
5936 1453244265
5937 1453978350
5938 1454713425
5939 1455448005
5940 1456183575
5941 1456918650
5942 1457654715
5943 1458390285
5944 1459126846
5945 1459862911
5946 1460599967
5947 1461336528
5948 1462074080
5949 1462811136
5950 1463549184
5951 1464286736
5952 1465025280
5953 1465763328
5954 1466502368
5955 1467240912
5956 1467980449
5957 1468719489
5958 1469459522
5959 1470199059
5960 1470939589
5961 1471679622
5962 1472420649
5963 1473161179
5964 1473902703
5965 1474643730
5966 1475385751
5967 1476127275
5968 1476869794
5969 1477611815
5970 1478354831
5971 1479097350
5972 1479840864
5973 1480583880
5974 1481327892
5975 1482071406
5976 1482815916
5977 1483559928
5978 1484304936
5979 1485049446
5980 1485794953
5981 1486539961
5982 1487285966
5983 1488031473
5984 1488777977
5985 1489523982
5986 1490270985
5987 1491017489
5988 1491764991
5989 1492511994
5990 1493259995
5991 1494007497
5992 1494755998
5993 1495503999
5994 1496252999
5995 1497001500
5996 1497751000
5997 1498500000
5998 1499250000
5999 1499999500
